0.0 0.0 0.0 0.0 0.0 0.0 -0.5
0.02884496716826418 0.015517900503301872 0.008274799405417177 -0.021764685369099875 -0.016979893268173684 -0.012663426961046713 -0.520888026254753
0.03764090627442125 0.028038851912389424 -0.11433029619219642 -0.013434865145345795 0.1185029001382647 -0.013730025612786037 -0.4574590955012483
0.06536217709380883 0.05899523937441727 -0.14121417103218561 0.003999518428600561 0.1826078432890098 -0.030437189200736375 -0.4294342095568302
0.06603279615718893 0.05206857120466616 -0.13857649278139253 0.018989466235128028 0.22371882899149018 -0.0534134133233433 -0.43081103052524056
0.10681614404513984 0.08239033767401371 -0.18959846138021336 -0.01617982203482547 0.3199925525786358 -0.058776281799104144 -0.39960214442487474
0.1642977387448723 0.04390421161645597 -0.235455322996414 -0.021431869058301176 0.3911778772883874 -0.07694578585285212 -0.4399705016657683
0.20861105307007313 -0.03023400415566775 -0.3344069606265659 -0.02651786162689485 0.4454620934189814 0.034561860180728286 -0.46364946371711035
0.05711403822185914 -0.17607206001734332 -0.3884349688033501 0.04878190795439651 1.004214533049249 0.3574255164851911 -0.5383173661025202
-0.028866851688478357 -0.2743825967680522 -0.4572696131704907 0.10536084465918512 1.4769870697015488 0.6486882608613137 -0.5802214030249153
-0.14662293652768682 -0.39981524015728176 -0.48326746223089406 0.2034662064483075 1.959623105456932 0.9546322172343468 -0.6681457748181197
-0.22322619991795678 -0.5025154364769147 -0.5080554999887716 0.2824714743764895 2.334829866798222 1.1844846983583013 -0.7239114239844093
-0.3507855724821047 -0.6064886324320602 -0.5897376494809543 0.39900632167223404 2.907023964202545 1.5265963782064569 -0.7868479519512049
-0.35838368968349565 -0.6136915712430069 -0.594108908091697 0.40638464304765887 2.9477587859204633 1.5521581843020962 -0.7888745570081955
-0.3659818068848866 -0.6208945100539536 -0.5984801667024398 0.41376296442308363 2.9884936076383815 1.5777199903977355 -0.7909011620651861
-0.3735799240862775 -0.6280974488649003 -0.6028514253131825 0.42114128579850846 3.029228429356299 1.6032817964933748 -0.7929277671221766
-0.38117804128766847 -0.635300387675847 -0.6072226839239252 0.4285196071739332 3.0699632510742174 1.628843602589014 -0.7949543721791671
-0.38877615848905944 -0.6425033264867936 -0.6115939425346679 0.43589792854935805 3.110698072792135 1.6544054086846534 -0.7969809772361576
-0.3963742756904504 -0.6497062652977402 -0.6159652011454106 0.4432762499247828 3.1514328945100534 1.6799672147802927 -0.799007582293148
-0.4039723928918414 -0.6569092041086868 -0.6203364597561534 0.45065457130020764 3.192167716227971 1.705529020875932 -0.8010341873501386
-0.4115705100932323 -0.6641121429196334 -0.6247077183668962 0.4580328926756324 3.2329025379458893 1.7310908269715712 -0.8030607924071292
-0.4267667444960142 -0.6785180205415268 -0.6334502355883818 0.472789535426482 3.3143721813817253 1.7822144391628498 -0.8071140025211104
-0.4343648616974052 -0.6857209593524735 -0.6378214941991245 0.48016785680190677 3.355107003099643 1.8077762452584891 -0.8091406075781009
-0.44196297889879615 -0.6929238981634201 -0.6421927528098672 0.4875461781773316 3.3958418248175612 1.8333380513541284 -0.8111672126350914
-0.4495610961001871 -0.7001268369743668 -0.64656401142061 0.49492449955275636 3.436576646535479 1.8588998574497677 -0.8131938176920819
-0.457159213301578 -0.7073297757853134 -0.6509352700313528 0.5023028209281811 3.477311468253397 1.884461663545407 -0.8152204227490725
-0.46475733050296886 -0.71453271459626 -0.6553065286420955 0.5096811423036061 3.518046289971315 1.9100234696410463 -0.817247027806063
-0.4723554477043599 -0.7217356534072066 -0.6596777872528383 0.5170594636790309 3.558781111689233 1.9355852757366854 -0.8192736328630535
-0.4723554477043599 -0.7217356534072066 -0.6596777872528383 0.5170594636790309 3.558781111689233 1.9355852757366854 -0.8192736328630535
-0.527365044282476 -0.5973215005237078 -0.5406430070675342 0.509295651557839 3.518665633753887 1.9324463929428888 -0.7508457885668836
-0.6294431205931345 -0.5246143847805929 -0.31066618975704097 0.4928047322410828 3.4859733817241345 1.8706834020877023 -0.7652587828660659
-0.7299873750883751 -0.42560246058332674 -0.10444734610998953 0.5302949706426009 3.4641798080248507 1.8035423739024905 -0.8347968510648347
-0.9033650527045964 -0.3392571816246378 0.11807050806210417 0.5862947958886305 3.433050671170009 1.6846991932895603 -0.8402541777144119
-0.9405948637104903 -0.33181922488777965 0.14171346517527342 0.6072078601967617 3.429968194805486 1.6900546204410463 -0.8451623374227092
-0.9778246747163841 -0.3243812681509215 0.16535642228844266 0.6281209245048928 3.426885718440963 1.6954100475925322 -0.8500704971310065
-1.0150544857222779 -0.31694331141406334 0.1889993794016119 0.6490339888130239 3.42380324207644 1.7007654747440182 -0.8549786568393037
-1.0522842967281716 -0.3095053546772052 0.21264233651478115 0.669947053121155 3.420720765711917 1.7061209018955041 -0.859886816547601
-1.0895141077340653 -0.30206739794034704 0.23628529362795037 0.6908601174292861 3.417638289347394 1.71147632904699 -0.8647949762558983
-1.126743918739959 -0.2946294412034889 0.2599282507411196 0.7117731817374172 3.4145558129828713 1.716831756198476 -0.8697031359641956
-1.5509881095458673 -0.1876396184076849 0.51647809022491 0.9185912402783614 3.3618857077234328 1.7783198082784537 -0.9215734498428348
-1.8700108192614664 -0.11922573436229461 0.696740427901579 1.0977787738769023 3.310708675132019 1.8170240633479602 -0.9152943344599174
-2.010837521292088 -0.09959596608822247 0.7972993299468853 1.1868440228075088 3.3124206696116616 1.8394072031129511 -0.9504207486552034
-2.0812508723073995 -0.08978108195118642 0.8475787809695386 1.231376647272812 3.3132766668514835 1.8505987729954463 -0.9679839557528462
-2.151664223322711 -0.07996619781415033 0.8978582319921921 1.275909271738115 3.314132664091305 1.8617903428779417 -0.985547162850489
-2.222077574338022 -0.07015131367711419 0.9481376830148454 1.3204418962034183 3.314988661331126 1.8729819127604372 -1.0031103699481319
-2.292490925353333 -0.06033642954007795 0.9984171340374987 1.3649745206687214 3.3158446585709473 1.8841734826429326 -1.0206735770457749
-2.292490925353333 -0.06033642954007795 0.9984171340374987 1.3649745206687214 3.3158446585709473 1.8841734826429326 -1.0206735770457749
-2.231997185159593 -0.030606922607074843 0.9518869622447381 1.3091732023120086 3.3289765129791093 1.8946344375648425 -0.9316756891935646
-2.161743188895245 -0.04100341308947474 0.866968325632403 1.2392716877124752 3.336723587019768 1.8945981139334458 -0.9078298487236852
-2.041769019473372 -0.0932790994904904 0.8026464265765394 1.125455057573535 3.327285660986135 1.901230082613826 -0.8530161576584564
-1.9633907885166468 -0.121311412797731 0.8181813681604896 1.0571955578227665 3.259835197574159 1.8920657272004173 -0.7688886395339065
-1.8340049463758 -0.136087080435639 0.7778617917538985 0.9724731158560147 3.2192534277557407 1.7553880028618842 -0.7299826007832098
-1.8141699248558305 -0.12175821863467677 0.7397541860979198 0.9286390753890222 3.221563563375595 1.7062129033704347 -0.7349659468614697
-1.7938749825835156 -0.10249367190856024 0.7476753001318003 0.8897985260246055 3.22732028013155 1.6557620558440334 -0.7548351775315316
-1.7661421690803902 -0.1472459971259848 0.6511050817296404 0.8182417714121973 3.1740064435726167 1.549907887156671 -0.7214712572616793
-1.7742670207796227 -0.124275274321842 0.5449119126827252 0.7686678968469879 3.094337778644973 1.502672039882281 -0.7807257332419713
-1.7979065447116347 -0.07073245487318226 0.42666996572959465 0.6995698878091254 3.0139969504511916 1.36823762043969 -0.7929703941790957
-1.7656385019479055 -0.0713627566210278 0.3545012217407854 0.689206774450062 2.998315423239772 1.2640358314806996 -0.8078643453679623
-1.7052331422928115 -0.09255913448348492 0.39981107898331314 0.6847454572291286 3.0009377108502284 1.1379794618320347 -0.8613189340778151
-1.6283088033754882 -0.16040573509141118 0.4453314189863241 0.5990504394511722 2.871379034046218 0.942392648299083 -0.9300831643264545
-1.5795731832392663 -0.2527030497754866 0.39838499278140027 0.552309343959289 2.7982856562520575 0.7828968381457884 -0.9272879692495437
-1.5608388193539822 -0.30461190070312216 0.34689188230889945 0.5413206298256564 2.734328417036006 0.6527036233161021 -0.9916065399135467
-1.5166703870154843 -0.370008456232083 0.15013211890240052 0.5077835803374281 2.6118073612411936 0.607666417644645 -1.035898168147167
-1.4474516025077186 -0.4383221551903062 -0.05079116470454867 0.3718725793094933 2.5219489507101827 0.42749921415843206 -1.1011629929729339
-1.394105143483775 -0.5649712919717028 -0.14075678852030546 0.441885004158266 2.2781647796901914 0.43506127579078036 -1.157011400262127
-1.3593571553450297 -0.6329923353710907 -0.2728948361352736 0.43188136554631806 2.0782822681639637 0.41068239641846493 -1.2042473225818304
-1.356067869438898 -0.5334717099433987 -0.3927110134398499 0.392290328187117 1.8536245249149748 0.309335364321263 -1.1919780993807492
-1.3410152167862046 -0.5426442696688396 -0.4766297952957204 0.3553197065783096 1.7045736369718412 0.26994258317570297 -1.196186260339494
-1.2891846363426076 -0.5745091503442015 -0.4120528543237194 0.3532227924260281 1.4793180922109685 0.12742171305235528 -1.2091021060208216
-1.3275727938307489 -0.6007169530306623 -0.4076881727804318 0.3361697652148184 1.3406168591928778 0.07693159121826068 -1.2669361812859374
-1.2996109520865418 -0.5929373093742664 -0.4428769041538612 0.31966832941714723 1.2200829356750456 0.05207641004867766 -1.2370736700517884
-1.2814971848380177 -0.6267787232848104 -0.5065079273448378 0.2968474989708271 1.0205390600523634 0.02042626748786424 -1.1416348672968866
-1.3447784746933162 -0.6550994854833456 -0.5508310047020443 0.27288116196859613 0.7021093108852982 -0.006702841393546162 -1.1276377291855313
-1.3578615162024328 -0.6008738312002838 -0.6221887616158275 0.1974839825854156 0.37457447321799714 -0.0801530688863165 -1.115160435213441
-1.334088058370618 -0.532234928534148 -0.6850200774168864 0.13744838981034774 0.09788830004993601 -0.1455777065826855 -1.1057980745398024
-1.3251017283778885 -0.4798072669336981 -0.7360242704818554 0.11472038271261822 -0.0679084129543741 -0.13910603384911568 -1.1117363868956247
-1.1431360332817249 -0.35629735200390666 -0.9115884803120714 0.18318737332881638 -0.2537325539022785 -0.3585393410942047 -0.770817971443109
-1.1250284792755054 -0.3417668296437612 -0.9212190664682846 0.19682655719382655 -0.2617635868254854 -0.3837013413426247 -0.7394399355689145
-1.106920925269286 -0.32723630728361575 -0.9308496526244977 0.21046574105883673 -0.2697946197486923 -0.40886334159104465 -0.70806189969472
-1.0888133712630665 -0.3127057849234703 -0.9404802387807109 0.2241049249238469 -0.2778256526718992 -0.4340253418394646 -0.6766838638205255
-1.070705817256847 -0.2981752625633248 -0.950110824936924 0.23774410878885707 -0.2858566855951061 -0.4591873420878846 -0.645305827946331
-0.8642346961627239 -0.09928995191139045 -1.0816588157966898 0.3924801552472779 -0.3950148349840273 -0.7521126145226374 -0.23085479692575586
-0.6194959691681492 0.0445593157784768 -1.2168553561275874 0.5303460980464948 -0.5159026962303499 -1.0548137615520279 0.17518043376990344
-0.5833152880557282 0.07459080639905843 -1.234717007801337 0.5600374400739875 -0.5304052370512833 -1.1067086014797627 0.23588509085691156
-0.5652249474995177 0.08960655170934925 -1.2436478336382115 0.5748831110877338 -0.53765650746175 -1.13265602144363 0.2662374194004156
-0.32148170840588886 0.2805644838257915 -1.3442462248396698 0.7558351769288063 -0.6435732165134536 -1.4537301403896377 0.6311641273823545
-0.28695360704555034 0.31019717869702507 -1.3629821230518544 0.7858039910056365 -0.6567096875414633 -1.5056984709152716 0.6928672526146986
-0.25242550568521177 0.3398298735682586 -1.381718021264039 0.8157728050824666 -0.669846158569473 -1.5576668014409056 0.7545703778470427
-0.21789740432487326 0.36946256843949216 -1.4004539194762236 0.8457416191592968 -0.6829826295974828 -1.6096351319665396 0.8162735030793868
-0.18336930296453474 0.3990952633107258 -1.4191898176884081 0.875710433236127 -0.6961191006254925 -1.6616034624921736 0.877976628311731
0.03585817243072695 0.5760740029392268 -1.5363064617260123 1.062145557876977 -0.77629102431418 -1.9807999857582137 1.2612239872204905
0.06659430397464622 0.6099475644329857 -1.5542212622897433 1.0914034810641764 -0.7901560588506932 -2.034285523624941 1.321870206866774
