0.0 0.0 0.0 0.0 0.0 0.0 0.0
0.00365448485607708 -0.001315114852547385 0.02200380707976811 -0.027800949369249747 0.0023887409522376614 0.008094133062334388 0.0
0.007308969712154159 -0.002630229705094769 0.04400761415953622 -0.055601898738499494 0.004777481904475323 0.016188266124668775 0.0
0.012259218378771537 -0.024611748159264882 0.054415100478909684 -0.07149540974583579 -0.00996078592982971 0.029837056014650927 0.008440887902606995
0.015857200749909147 -0.025501292292910933 0.07646785349097959 -0.09930315137502908 -0.007248398736713813 0.0377521856861286 0.008271553901691613
0.01945518312104675 -0.026390836426556985 0.09852060650304952 -0.12711089300422235 -0.00453601154359792 0.045667315357606264 0.008102219900776232
0.012051919555042964 -0.02514838762126121 0.10357391197530372 -0.13319347751915592 0.02211358678477816 0.06803553329675852 0.004368296231808292
0.015833493502052313 -0.026070940610244082 0.12568986817969652 -0.16108701219441848 0.024285584570056844 0.07554046052614483 0.004276297888971753
0.03883130266389505 -0.026681131586678265 0.11346818456671587 -0.17812928378924003 0.03689885692857628 0.07617608884670012 -0.010379328271987627
0.042134641403358014 -0.02759513068022516 0.13595961540407994 -0.2057946107657889 0.03880905674187278 0.08370501477042017 -0.010154909137144017
0.07012511506242546 -0.02584937911285245 0.14688220897145648 -0.20800930291797193 0.02609753191540689 0.07760461600444638 -0.025446941950438583
0.06409277477135243 -0.012555384582515882 0.15577616667616567 -0.22448486470294843 0.00473455524330273 0.060510398216544456 -0.01986921140613516
0.06694597768660476 -0.013817292607122203 0.17810457437759117 -0.25207686619861586 0.007430986197403479 0.06865215904907075 -0.019424636619235727
0.06979918060185711 -0.01507920063172852 0.20043298207901666 -0.2796688676942833 0.010127417151504229 0.07679391988159705 -0.01898006183233629
0.07265238351710945 -0.01634110865633484 0.22276138978044216 -0.3072608691899507 0.012823848105604971 0.08493568071412334 -0.01853548704543685
0.0755055864323618 -0.017603016680941153 0.24508979748186766 -0.33485287068561814 0.015520279059705716 0.09307744154664964 -0.018090912258537418
0.060875511513733466 -0.024888921400896786 0.2611399464949329 -0.3296495527374983 0.008659652610328607 0.0781603428915398 -0.04093763726571631
0.06408916061929233 -0.025972092078630257 0.2830802090006249 -0.3573773582526183 0.011525500053469896 0.08667111931260285 -0.03993132807309166
0.0673028097248512 -0.027055262756363736 0.30502047150631695 -0.3851051637677383 0.014391347496611194 0.09518189573366592 -0.038925018880467
0.07193399942197184 -0.039144752137730034 0.31563581263402 -0.38504217662044754 0.035491977331366116 0.10097040976547954 -0.0630979291638945
0.07504758734618086 -0.039920277777380136 0.3374393619362835 -0.4129478740621736 0.03782707004465375 0.10938468654542349 -0.06145632066381783
0.07816117527038989 -0.04069580341703024 0.35924291123854696 -0.44085357150389964 0.04016216275794138 0.11779896332536745 -0.05981471216374115
0.0812747631945989 -0.041471329056680335 0.3810464605408104 -0.4687592689456257 0.042497255471229005 0.1262132401053114 -0.058173103663664474
0.08438835111880794 -0.04224685469633043 0.4028500098430739 -0.49666496638735175 0.044832348184516646 0.13462751688525534 -0.056531495163587804
0.08750193904301695 -0.04302238033598053 0.42465355914533737 -0.5245706638290778 0.04716744089780429 0.14304179366519928 -0.05488988666351112
0.09061552696722598 -0.04379790597563063 0.44645710844760084 -0.5524763612708038 0.04950253361109193 0.15145607044514323 -0.05324827816343444
0.07191427255647047 -0.03447738273057209 0.4671189523260574 -0.5596042586628418 0.06247984198485986 0.14673100038714929 -0.03781125874988939
0.07565445198447061 -0.035554668136900475 0.4885725650948092 -0.5876656759269565 0.06444109504231493 0.15540703519220894 -0.03662975435083267
0.07939463141247076 -0.03663195354322886 0.510026177863561 -0.6157270931910712 0.06640234809977 0.1640830699972686 -0.035448249951775944
0.0831348108404709 -0.037709238949557244 0.5314797906323128 -0.6437885104551859 0.06836360115722506 0.17275910480232826 -0.03426674555271923
0.08687499026847105 -0.03878652435588563 0.5529334034010646 -0.6718499277193006 0.07032485421468013 0.1814351396073879 -0.03308524115366252
0.09061516969647118 -0.039863809762214014 0.5743870161698164 -0.6999113449834153 0.07228610727213519 0.19011117441244757 -0.0319037367546058
0.09435534912447131 -0.040941095168542406 0.5958406289385682 -0.72797276224753 0.07424736032959027 0.19878720921750723 -0.030722232355549082
0.09809552855247144 -0.0420183805748708 0.61729424170732 -0.7560341795116448 0.07620861338704535 0.20746324402256688 -0.029540727956492357
0.10183570798047158 -0.04309566598119919 0.6387478544760717 -0.7840955967757595 0.07816986644450043 0.21613927882762654 -0.028359223557435646
0.10557588740847171 -0.04417295138752758 0.6602014672448235 -0.8121570140398742 0.0801311195019555 0.2248153136326862 -0.02717771915837893
0.08314912344841294 -0.038882453739243816 0.6669539166781544 -0.8146374751159301 0.06193563504488112 0.2291769858908734 -0.04744022060168347
0.08787558552221907 -0.04019287227474922 0.6881647691242508 -0.8426581559457329 0.06469451166980951 0.2376837745819348 -0.045372888589988336
0.0926020475960252 -0.04150329081025462 0.7093756215703473 -0.8706788367755357 0.06745338829473789 0.24619056327299618 -0.04330555657829321
0.09732850966983132 -0.04281370934576003 0.7305864740164436 -0.8986995176053385 0.07021226491966627 0.2546973519640576 -0.041238224566598064
0.10205497174363745 -0.044124127881265435 0.75179732646254 -0.9267201984351413 0.07297114154459466 0.26320414065511893 -0.03917089255490293
0.09079484220050918 -0.04342882068032005 0.7639082790929748 -0.9347505239598329 0.09960497482932389 0.2463566496413107 -0.03574571053614313
0.09618584085525002 -0.044793723643282796 0.784751588070201 -0.9627117899958597 0.10097605954966635 0.2558766717679375 -0.03383423906408844
0.10157683950999086 -0.04615862660624554 0.8055948970474271 -0.9906730560318864 0.10234714427000881 0.26539669389456433 -0.03192276759203374
0.10909918446290229 -0.0485811056973088 0.8250976228583966 -0.9866869646042616 0.09894500096335829 0.2819740416131032 -0.007462926670294301
0.12987504844089504 -0.060372455394542994 0.8419699588091987 -0.985795445214715 0.08450166361653516 0.29669126178392297 0.0004121371134405503
0.14649395067395202 -0.04975542598450712 0.8542058154185312 -0.9774665521129402 0.10613339533223927 0.298561795855165 0.016658354670746355
0.16635931285075073 -0.06944076034325135 0.8641781219867177 -0.9790731206688524 0.11886685076097185 0.308010179235971 0.031072943535147113
0.1703841832777666 -0.09079240535283592 0.8931638020813847 -0.9781165050400042 0.11603711202574582 0.3046104142410287 0.02781360956486871
0.17177262246545769 -0.08936384533367396 0.9102057085820559 -1.0094838691481884 0.11663943619736841 0.3124453741952929 0.025994234790484055
0.1731610616531488 -0.087935285314512 0.9272476150827269 -1.0408512332563726 0.117241760368991 0.32028033414955714 0.0241748600160994
0.1745495008408399 -0.08650672529535004 0.944289521583398 -1.0722185973645568 0.11784408454061358 0.32811529410382134 0.022355485241714743
0.175937940028531 -0.08507816527618808 0.961331428084069 -1.103585961472741 0.11844640871223616 0.33595025405808554 0.02053611046733009
0.1773263792162221 -0.08364960525702615 0.9783733345847402 -1.1349533255809252 0.11904873288385874 0.34378521401234974 0.01871673569294544
0.1787148184039132 -0.08222104523786422 0.9954152410854114 -1.1663206896891094 0.1196510570554813 0.35162017396661394 0.016897360918560783
0.1801032575916043 -0.08079248521870229 1.0124571475860824 -1.1976880537972936 0.12025338122710391 0.35945513392087813 0.01507798614417613
0.18149169677929544 -0.07936392519954036 1.0294990540867535 -1.229055417905478 0.1208557053987265 0.36729009387514233 0.013258611369791479
0.18288013596698652 -0.07793536518037843 1.0465409605874245 -1.2604227820136622 0.1214580295703491 0.37512505382940653 0.011439236595406823
0.1842685751546776 -0.0765068051612165 1.0635828670880956 -1.2917901461218466 0.12206035374197167 0.3829600137836707 0.009619861821022169
0.18565701434236867 -0.07507824514205456 1.0806247735887666 -1.3231575102300308 0.12266267791359424 0.3907949737379349 0.007800487046637515
0.18704545353005975 -0.07364968512289262 1.097666680089438 -1.354524874338215 0.12326500208521679 0.3986299336921991 0.00598111227225286
0.18843389271775085 -0.07222112510373067 1.114708586590109 -1.3858922384463994 0.12386732625683931 0.4064648936464634 0.004161737497868205
0.18982233190544198 -0.07079256508456871 1.13175049309078 -1.4172596025545838 0.12446965042846198 0.4142998536007275 0.002342362723483549
