0.0 0.0 0.0 0.0 0.0 0.0 0.0
0.006220240257224431 -0.0010834304107407862 0.030664302018249198 -0.040113326079054455 0.0033156094454171448 0.011888094561588099 0.0
0.012440480514448855 -0.002166860821481573 0.061328604036498396 -0.08022665215810891 0.006631218890834295 0.02377618912317621 0.0
0.013357426557327252 0.013999429281376735 0.09433637836717462 -0.10862509076285984 -0.01170576029424141 0.009646970752910296 -0.006892734684196443
0.04155447468803608 0.036632010235770375 0.11249100843376962 -0.11082545971767016 0.009585600259995134 0.028535124914948147 -0.023914478242626557
0.047095796257254886 0.034338034877398005 0.1426060228602767 -0.15132062593610557 0.01291989186795776 0.040666912599616634 -0.023190120316799716
0.05263711782647369 0.03204405951902564 0.1727210372867838 -0.19181579215454098 0.016254183475920395 0.05279870028428511 -0.022465762390972886
0.0296015244160975 0.01506678941993761 0.19815402060349735 -0.20877027235534232 0.043786705208335656 0.06598446215670152 -0.014948964944711096
-0.00015146570495965309 0.004560550750367095 0.23334956879382562 -0.2275560580515176 0.04486847449989633 0.06936945976434013 -0.026851962618966736
0.029308936143646575 -0.009146580153347279 0.2620313083849337 -0.21521189827971232 0.06771893295652677 0.07335024936058208 -0.03999548944317222
0.0304498001583719 -0.030734124311188625 0.2739034943991649 -0.24017780285673979 0.04663807695908195 0.07594798104296845 -0.07253537406116053
0.03711346600648453 -0.03102150971406068 0.3025027237771114 -0.2816462082067261 0.049145864206766136 0.08807392963468295 -0.07004451202434384
0.04377713185459717 -0.031308895116932745 0.3311019531550579 -0.3231146135567124 0.05165365145445033 0.10019987822639748 -0.06755364998752714
0.050440797702709796 -0.03159628051980481 0.3597011825330044 -0.3645830189066987 0.054161438702134516 0.11232582681811198 -0.06506278795071044
0.05752047973198904 -0.012818285801402339 0.38248609593854505 -0.3684865063789127 0.09250599573442467 0.1301474281246932 -0.06912783558219124
0.06401408692437255 -0.01384046295445817 0.410651010549582 -0.41045815644378764 0.09356222603414899 0.14177186231734457 -0.06643954271469979
0.07050769411675605 -0.01486264010751401 0.4388159251606189 -0.4524298065086626 0.09461845633387331 0.15339629650999592 -0.06375124984720835
0.07214750613702203 -0.035554902459086664 0.4410376210361053 -0.46853119069489385 0.05840242826197532 0.16373909595868305 -0.03869251451800411
0.04511733829285222 -0.04195998618940761 0.4660972722014483 -0.48517610378405696 0.04161001443387174 0.16317754063449003 -0.01071808351581988
0.05292793181811494 -0.041835586583011605 0.49399144069436535 -0.5270886404393098 0.04500871060404368 0.17475460747237448 -0.010251401065786005
0.060738525343377654 -0.0417111869766156 0.5218856091872823 -0.5690011770945627 0.048407406774215615 0.18633167431025893 -0.00978471861575212
0.06854911886864036 -0.04158678737021961 0.5497797776801994 -0.6109137137498155 0.051806102944387554 0.19790874114814339 -0.009318036165718248
0.03733265774500116 -0.023517651283753462 0.5595777362013931 -0.6217687374486589 0.06462002097501124 0.20803504440053128 0.021666354234417207
0.046809970621581015 -0.024306822431216346 0.5872831112107397 -0.6635934068546729 0.06740732294922229 0.21922691352355939 0.020569265610210316
0.056287283498160874 -0.025095993578679247 0.6149884862200864 -0.705418076260687 0.07019462492343334 0.23041878264658747 0.01947217698600342
0.06576459637474072 -0.02588516472614214 0.6426938612294331 -0.747242745666701 0.07298192689764439 0.24161065176961558 0.01837508836179654
0.09693130623695592 -0.027899046441012255 0.6699628787504394 -0.7400113683069657 0.09737616392278275 0.25708368595400066 0.03002662778011601
0.12030457494371953 -0.009122670442449757 0.6691412369256322 -0.7578406054806935 0.1263341304494422 0.2346479649682723 0.04352549570788703
0.12673873633186497 -0.010973985726013422 0.6961628155782065 -0.8004440178873834 0.1259223861017148 0.24665329036215872 0.04083774903777898
0.13317289772001042 -0.012825301009577066 0.7231843942307807 -0.8430474302940733 0.1255106417539874 0.25865861575604515 0.03815000236767095
0.15478841486607278 0.0025241448230698543 0.7424833237207981 -0.8375024706027383 0.09523523072729104 0.27668609884041173 0.057997965248290956
0.15976077328287488 -0.0004450288220844384 0.7684642696486281 -0.8810310185617747 0.0969778491790671 0.2875548062330667 0.05386109233986534
0.164733131699677 -0.003414202467238752 0.7944452155764582 -0.924559566520811 0.09872046763084315 0.2984235136257216 0.04972421943143974
0.18524191744693053 0.002924703389702722 0.8018064102947942 -0.9355791414298772 0.12293472571300071 0.2764825696446269 0.08193319426151938
0.18853923796314448 -0.0006052645782466189 0.8274174082949582 -0.9785981913419896 0.12266020754554392 0.2892980156316985 0.07505149900636311
0.19183655847935843 -0.0041352325461959695 0.8530284062951223 -1.0216172412541018 0.12238568937808716 0.30211346161877006 0.06816980375120683
0.19513387899557239 -0.0076652005141453275 0.8786394042952864 -1.0646362911662142 0.12211117121063038 0.31492890760584163 0.061288108496050576
0.19843119951178634 -0.011195168482094701 0.9042504022954505 -1.1076553410783265 0.12183665304317358 0.3277443535929132 0.05440641324089429
0.2017285200280003 -0.014725136450044035 0.9298614002956145 -1.1506743909904389 0.1215621348757168 0.3405597995799847 0.04752471798573803
0.20502584054421427 -0.018255104417993384 0.9554723982957786 -1.1936934409025513 0.12128761670826002 0.35337524556705624 0.04064302273058173
0.20832316106042825 -0.021785072385942746 0.9810833962959425 -1.2367124908146636 0.12101309854080328 0.36619069155412776 0.033761327475425464
0.21162048157664218 -0.02531504035389214 1.0066943942961066 -1.279731540726776 0.1207385803733465 0.3790061375411993 0.026879632220269137
0.2149178020928561 -0.028845008321841448 1.0323053922962706 -1.3227505906388883 0.12046406220588968 0.3918215835282708 0.019997936965112866
0.21821512260907003 -0.03237497628979079 1.0579163902964346 -1.3657696405510007 0.12018954403843293 0.4046370295153423 0.01311624170995664
0.22151244312528398 -0.03590494425774018 1.0835273882965986 -1.408788690463113 0.11991502587097612 0.4174524755024138 0.0062345464548003325
